w -20 -12 18 -12 18 18 -20 18
o -17.6425 7.86825 -16.695 5.623 -10.4075 8.27 -11.355 10.515
o -12.457 10.0513 -13.3025 12 -15.715 10.9525 -14.881 9.031 
o -10.4075 8.27 -9.1625 8.8575 -9.895 10.5575 -11.1466 10.0213
o 9.6475 10.055 9.9175 12.0325 6.77 12.4625 6.5 10.4825
o 6.9875 -2.2075 7.01 -0.2225 3.805 -0.185 3.7825 -2.17
o -10.72 6.286 -9.4175 3.14 -8.04 3.73075 -9.2375 6.9
o -8.04 3.73075 -5.1975 4.89325 -6.36 7.73575 -9.1257 6.60407
o -14.59 -4.8175 -9.945 -2.53 -10.8725 -0.68 -15.52 -2.95
o -18.74 2.215 -17.425 -0.4075 -16.0347 0.29625 
o -16.0347 0.29625 -15.685 -0.3975 -14.1075 0.395 -14.229 0.62525
o -12.8225 1.32 -12.5725 0.8125 -11.3175 1.43 -12.788 4.4565
o -18.74 2.215 -16.0347 0.29625 -14.229 0.62525 -12.8225 1.32 -12.788 4.4565 
o -18.74 2.215 -12.788 4.4565 -11.4655 5.1465 -11.743 5.68075 
o -7.875 9.485 -0.9945 11.9225 -1.67875 13.8325 -8.535 11.3275
o -2.42975 -5.8825 0.823 -5.855 0.80425 2.5375 -2.48525 2.5425
o 4.6375 10.715 5.095 13.78 2.0655 14.2325 1.6065 11.17
o -8.795 1.71 -8.6075 -0.655 -5.4 -0.4 -5.5875 1.965 
o -5.45918 0.346307 -4.83 0.38 -4.8775 1.2175 -5.52542 1.18204
o 2.33 4.008 2.33 7.907 -2.33 7.907 -2.33 4.008
o -5.5075 -7.28 -5.2775 -5.2125 -8.39 -4.8625 -8.6225 -6.9325
o 12.5875 5.7175 12.73 7.758 9.605 7.976 9.4625 5.9355
o 13.255 -3.365 16.37 -3.19 16.2575 -1.2025 13.1425 -1.375
o 7.435 4.21525 7.725 7.588 4.08 7.8995 3.79 4.527
p 10 10
a -4 5