p 10 10
a 0 0
w -50 -50 -50 50 50 50 50 -50
o -50 -50 -38 -50 -38 -45 -42 -41
o -50 -50 -42 -41 -42 -24 -45 -19 -50 -19
o -33 -41 -27 -41 -27 -36 -33 -36
o -38 -50 33.5 -50 33.5 -47 31 -45 -38 -45
o -25 -45 -25 -41 -33 -41 -36 -42 -36 -45
o -36 -39 -36 -33 -42 -33 -42 -39
o -50 -17 -45 -17 -43 -12 -42 -6 -42 31 -50 31
o -40 35 -35 33 -37 37 -39 37
o -28 33 -35 33 -37 31 -35 28 -28 28
o -50 31 -37 31 -35 33 -40 35 -50 35
o -28 33 -28 28 -25 32 -25 36
o -50 35 -43 35 -42 40 -50 50
o -40 50 -50 50 -42 40 -40 40
o -40 50 -40 47 -32 47 -30 48 -30 50
o -28 50 -27 47 -7 47 -7 50
o -4 50 -3 47 24 47 25 50
o -34 41 -22 41 -22 44 -34 44
o 39 50 40 47 50 47 50 50
o 50 47 43 47 43 46 44 45 50 45
o 50 45 44 45 45 41 50 41
o 50 41 45 41 44 40 44 37 50 37
o 44 37 40.5 33.5 40.5 26 47 19 50 19 50 37
o 50 14 50 19.003 43 19 42 17 43 14
o 50 14 47 14 47 13 50 13
o 47 13 44 10 43 8 43 -15 43.5 -16 50 -16.004 50 13
o 50 -16 43.5 -16 43.5 -50 50 -50
o 36 45 34 43 34 40 35 38 37 38 39.5 38.5 40.5 43 39 45
o 34 22 37 22 37 25 34 25
o 34 28 37 28 37 31 34 31
o 34.5 35 37 35 37 38 35 38
o -1 25 17 25 17 27 -1 27
o -3 20 20 20 23 23 20 25 -3 25
o 27 28 27 23 29.5 27 30 31 28 31
o 20 25 23 23 27 23 27 28 23 28
o -14 25 -14.5 20.5 -8 20.5 -8 25
o -17.5 27.5 -17.5 25 -14.5 20.5 -14 25
o -15 31 -13 30 -12 30 -10 31 -9 33 -9 37 -13 38 -16 37
o 6 37 16 31.5 22 31.5 22 39 6 39
o 12 31 16 31.5 6 37 -3 37 -3 31
o 16 31.5 12 31 12 30 15.5 30
o -18 39 -8 39 -8 41 -18 41
o -3 39 23.5 39 23.5 41 -3 41
o 23.5 31 25 31 25 41 23.5 41
o -36 8.5 -36 6.5 -34 6.5 -34 8.5
o -37 16 -37 6.5 -36 6.5 -36 16
o -23.5 6 -22 6 -22 14 -23.5 14
o -36 22 -37 22 -37 19 -36 19
o -22 22 -22 24 -37 24 -37 22
o -23.5 18 -22 18 -22 22 -23.5 22
o -34 12 -25 12 -25 20 -34 20
o -17 12.5 -14 12.5 -14 15.5 -17 15.5
o -17 6.25 -14 6.25 -14 7.75 -17 7.75
o -12.5 6.25 -9.5 6.25 -9.5 7.75 -12.5 7.75
o -17 3.25 -14 3.25 -14 4.75 -17 4.75
o -12.5 3.25 -9.5 3.25 -9.5 4.75 -12.5 4.75
o -17 0.25 -14 0.25 -14 1.75 -17 1.75
o -12.5 0.25 -9.5 0.25 -9.5 1.75 -12.5 1.75
o -4.5 2.5 -6 0.5 0 0.5 0 2.5
o -6 8 -6 0.5 -4.5 2.5 -4.5 8
o 6 2.5 7.5 0.5 7.5 8 6 8
o 1.5 2.5 1.5 0.5 7.5 0.5 6 2.5
o 6 9.5 7.5 9.5 7.5 16 6 14
o 6 14 7.5 16 1.5 16 1.5 14
o -6 9.5 -4.5 9.5 -4.5 14 -6 16
o -6 16 -4.5 14 0 14 0 16
o 12.5 0.5 15 0.5 15 3 12.5 3
o 17 0.5 19.5 0.5 19.5 3 17 3
o 12.5 6.5 15 6.5 15 9.5 12.5 9.5
o 17 6.5 19.5 6.5 19.5 9.5 17 9.5
o 12.5 12.5 15 12.5 15 15.5 12.5 15.5
o 17 12.5 19.5 12.5 19.5 15.5 17 15.5
o 25 0 26 0 26 6 25 6
o 39 16 39 18 25 18 25 16
o 25 10 26 10 26 16 25 16
o 28.5 6.5 37.5 6.5 37.5 14 28.5 14
o 36 0 39 0 39 2 36 2
o -0.5 7 2.5 7 2.5 10 -0.5 10
o -36 4 -36 2 -33 2 -33 4
o -36 -17 -33 -17 -33 -15 -36 -15
o -37 -17 -35.97 -17 -36 4 -37 4
o -33 -17 -31.5 -17 -31.5 -16 -33 -16
o -23 -15 -22 -17 -22 4 -23 2
o -26 2 -26 3 -27.5 3 -27.5 2
o -23 2 -22 4 -26 4 -26 2
o -26 -17 -22 -17 -23 -15 -26 -15
o -27.5 -17 -26 -17 -26 -16 -27.5 -16
o -33 2 -31.5 2 -31.5 3 -33 3
o -35.5 -22 -32.5 -22 -32.5 -20 -35.5 -20
o -31 -22 -28 -22 -28 -20 -31 -20
o -26.5 -22 -23.5 -22 -23.5 -20 -26.5 -20
o -19 -21.5 -14 -21.5 -14 -19.5 -17 -19.5
o -19 -4 -17 -6 -13 -6 -13 -4
o -19 -21.5 -17 -19.5 -17 -6 -19 -4
o -2 -6 0 -4 -9 -4 -9 -6
o -2 -19.5 0 -21.5 0 -4 -2 -6
o -8 -21.5 0 -21.5 -2 -19.5 -8 -19.5
o -6.5 -9.5 -6.5 -15.5 -3.5 -15.5 -3.5 -9.5
o -15.5 -17 -6.5 -17 -6.5 -8 -15.5 -8
o 5 -20 9 -19 9 -18 5 -18
o 5 -20 11 -20 11 -19 9 -19
o 19 -6 20 -4 5 -4 5 -6
o 20 -20 16 -19 14 -19 14 -20
o 16 -19 20 -20 19 -18 16 -18
o 19 -18 20 -20 20 -4 19 -6
o 8 -16 17 -16 17 -8 8 -8
o 39 -5 38 -6 38 -18.5 39 -20
o 30 -20 30 -18.5 26 -18.5 25 -20
o 39 -20 38 -18.5 33 -18.5 33 -20
o 25 -20 26 -18.5 26 -6 25 -5
o 25 -5 26 -6 38 -6 39 -5
o 26 -14 36 -14 36 -6 26 -6
o -21 -41 -22 -42 -5 -42 -5 -41
o -22 -30 -22 -42 -21 -41 -21 -30
o -9 -35 -3 -35 -3 -28 -9 -28
o -19 -29 -12 -29 -12 -26 -19 -26
o -1 -42 0 -42 0 -30 -1 -30
o -37 -26 0 -26 0 -24 -37 -24
o 6 -41 5 -42 9 -42 9 -41
o 5 -30 5 -42 6 -41 6 -30
o 9 -39 19 -39 19 -26 9 -26
o 5 -26 12 -26 12 -24 5 -24
o 16 -26 29.5 -26 29.5 -24 16 -24
o 29.5 -34 29.5 -30 22 -30 22 -34
o 28 -41 29.5 -42 29.5 -34 28 -34
o 28 -40 28 -36 22 -36 22 -40
o 22 -42 29.5 -42 28 -41 22 -41
o 33 -28 33 -34 39 -34 39 -27 36 -26 35 -26
o 33.5 -44.5 35 -44.5 35 -40.5 33.5 -41.5
o 35 -40.5 35 -42.5 39.5 -42.5 40 -40.5
o 40 -40.5 39.5 -42.5 39.5 -44.5 41 -44.5 41 -41.5
